#latency,cnt,cdf
0,894,0.000272
10,116,0.000307
20,113,0.000342
30,165,0.000392
40,178,0.000446
50,237,0.000518
60,306,0.000612
70,524,0.000771
80,957,0.001062
90,5739,0.002809
100,799114,0.246052
110,403318,0.368818
120,432788,0.500554
130,48014,0.515169
140,50935,0.530673
150,44990,0.544368
160,33093,0.554441
170,23166,0.561492
180,24253,0.568875
190,20387,0.57508
200,97868,0.60487
210,25137,0.612522
220,214604,0.677845
230,132877,0.718292
240,93884,0.746869
250,63004,0.766047
260,56807,0.783338
270,53976,0.799768
280,49818,0.814932
290,44412,0.828451
300,41469,0.841074
310,38029,0.852649
320,33322,0.862792
330,29552,0.871787
340,26209,0.879765
350,23284,0.886853
360,20368,0.893053
370,17830,0.89848
380,15705,0.90326
390,14050,0.907537
400,12073,0.911212
410,10432,0.914387
420,9408,0.917251
430,8301,0.919778
440,7429,0.922039
450,6638,0.92406
460,6011,0.925889
470,5489,0.92756
480,5051,0.929097
490,4625,0.930505
500,4421,0.931851
510,3911,0.933041
520,3674,0.93416
530,3537,0.935236
540,3454,0.936288
550,3227,0.93727
560,3116,0.938219
570,3125,0.93917
580,2880,0.940046
590,2750,0.940883
600,2760,0.941724
610,2713,0.942549
620,2583,0.943336
630,2489,0.944093
640,2446,0.944838
650,2371,0.94556
660,2334,0.94627
670,2346,0.946984
680,2384,0.94771
690,2226,0.948387
700,2303,0.949088
710,2307,0.949791
720,2384,0.950516
730,2521,0.951284
740,2517,0.95205
750,2625,0.952849
760,2411,0.953583
770,2352,0.954299
780,2225,0.954976
790,2158,0.955633
800,2005,0.956243
810,2028,0.95686
820,1975,0.957461
830,1738,0.957991
840,1640,0.95849
850,1440,0.958928
860,1356,0.959341
870,1277,0.959729
880,1249,0.96011
890,1168,0.960465
900,1137,0.960811
910,1131,0.961156
920,1019,0.961466
930,1067,0.961791
940,973,0.962087
950,972,0.962383
960,902,0.962657
970,931,0.962941
980,918,0.96322
990,932,0.963504
1000,839,0.963759
1010,803,0.964003
1020,868,0.964268
1030,805,0.964513
1040,755,0.964742
1050,797,0.964985
1060,800,0.965229
1070,807,0.965474
1080,797,0.965717
1090,739,0.965942
1100,784,0.96618
1110,820,0.96643
1120,742,0.966656
1130,766,0.966889
1140,724,0.967109
1150,789,0.96735
1160,806,0.967595
1170,735,0.967819
1180,761,0.96805
1190,729,0.968272
1200,774,0.968508
1210,762,0.96874
1220,758,0.96897
1230,729,0.969192
1240,738,0.969417
1250,776,0.969653
1260,787,0.969893
1270,706,0.970108
1280,821,0.970358
1290,746,0.970585
1300,734,0.970808
1310,726,0.971029
1320,698,0.971242
1330,754,0.971471
1340,777,0.971708
1350,760,0.971939
1360,740,0.972164
1370,766,0.972397
1380,691,0.972608
1390,770,0.972842
1400,715,0.97306
1410,761,0.973291
1420,734,0.973515
1430,821,0.973765
1440,739,0.97399
1450,759,0.974221
1460,750,0.974449
1470,755,0.974679
1480,788,0.974919
1490,767,0.975152
1500,779,0.975389
1510,768,0.975623
1520,799,0.975866
1530,708,0.976082
1540,744,0.976308
1550,764,0.976541
1560,769,0.976775
1570,806,0.97702
1580,759,0.977251
1590,762,0.977483
1600,739,0.977708
1610,754,0.977938
1620,767,0.978171
1630,772,0.978406
1640,772,0.978641
1650,775,0.978877
1660,783,0.979115
1670,764,0.979348
1680,746,0.979575
1690,741,0.9798
1700,727,0.980022
1710,730,0.980244
1720,742,0.98047
1730,762,0.980702
1740,783,0.98094
1750,783,0.981178
1760,856,0.981439
1770,817,0.981688
1780,841,0.981944
1790,849,0.982202
1800,905,0.982477
1810,807,0.982723
1820,912,0.983001
1830,925,0.983282
1840,949,0.983571
1850,992,0.983873
1860,908,0.98415
1870,865,0.984413
1880,897,0.984686
1890,847,0.984944
1900,803,0.985188
1910,772,0.985423
1920,738,0.985648
1930,754,0.985877
1940,683,0.986085
1950,681,0.986292
1960,658,0.986493
1970,678,0.986699
1980,596,0.98688
1990,551,0.987048
2000,627,0.987239
2010,517,0.987396
2020,623,0.987586
2030,572,0.98776
2040,575,0.987935
2050,596,0.988117
2060,596,0.988298
2070,568,0.988471
2080,572,0.988645
2090,569,0.988818
2100,549,0.988985
2110,544,0.989151
2120,563,0.989322
2130,532,0.989484
2140,517,0.989642
2150,545,0.989807
2160,493,0.989958
2170,494,0.990108
2180,519,0.990266
2190,506,0.99042
2200,516,0.990577
2210,518,0.990735
2220,503,0.990888
2230,476,0.991033
2240,572,0.991207
2250,590,0.991386
2260,644,0.991582
2270,606,0.991767
2280,604,0.991951
2290,602,0.992134
2300,623,0.992324
2310,628,0.992515
2320,630,0.992706
2330,541,0.992871
2340,543,0.993036
2350,546,0.993203
2360,549,0.99337
2370,489,0.993519
2380,419,0.993646
2390,394,0.993766
2400,365,0.993877
2410,331,0.993978
2420,285,0.994065
2430,299,0.994156
2440,260,0.994235
2450,245,0.994309
2460,217,0.994375
2470,222,0.994443
2480,220,0.99451
2490,218,0.994576
2500,222,0.994644
2510,233,0.994715
2520,205,0.994777
2530,196,0.994837
2540,200,0.994898
2550,195,0.994957
2560,210,0.995021
2570,203,0.995083
2580,183,0.995139
2590,174,0.995192
2600,178,0.995246
2610,175,0.995299
2620,174,0.995352
2630,177,0.995406
2640,152,0.995452
2650,171,0.995504
2660,167,0.995555
2670,158,0.995603
2680,192,0.995661
2690,154,0.995708
2700,157,0.995756
2710,169,0.995808
2720,150,0.995853
2730,150,0.995899
2740,155,0.995946
2750,155,0.995993
2760,159,0.996042
2770,160,0.99609
2780,152,0.996137
2790,141,0.99618
2800,151,0.996226
2810,123,0.996263
2820,138,0.996305
2830,116,0.99634
2840,140,0.996383
2850,128,0.996422
2860,133,0.996462
2870,124,0.9965
2880,127,0.996539
2890,108,0.996572
2900,146,0.996616
2910,125,0.996654
2920,114,0.996689
2930,119,0.996725
2940,120,0.996762
2950,123,0.996799
2960,119,0.996835
2970,128,0.996874
2980,107,0.996907
2990,103,0.996938
3000,113,0.996973
3010,116,0.997008
3020,105,0.99704
3030,129,0.997079
3040,92,0.997107
3050,116,0.997142
3060,103,0.997174
3070,109,0.997207
3080,118,0.997243
3090,95,0.997272
3100,96,0.997301
3110,116,0.997336
3120,101,0.997367
3130,114,0.997402
3140,91,0.997429
3150,109,0.997463
3160,106,0.997495
3170,91,0.997523
3180,98,0.997552
3190,99,0.997583
3200,108,0.997615
3210,96,0.997645
3220,100,0.997675
3230,107,0.997708
3240,92,0.997736
3250,76,0.997759
3260,98,0.997789
3270,78,0.997812
3280,89,0.997839
3290,95,0.997868
3300,90,0.997896
3310,98,0.997926
3320,84,0.997951
3330,60,0.997969
3340,87,0.997996
3350,89,0.998023
3360,76,0.998046
3370,77,0.99807
3380,90,0.998097
3390,71,0.998119
3400,91,0.998146
3410,106,0.998179
404180,1,0.999753
404190,1,0.999753
405040,1,0.999753
405060,1,0.999754
406380,1,0.999754
409440,1,0.999754
409900,1,0.999755
409910,1,0.999755
409940,1,0.999755
410270,1,0.999756
410720,1,0.999756
411050,1,0.999756
411250,1,0.999757
411300,1,0.999757
411520,1,0.999757
411870,1,0.999757
412380,1,0.999758
412550,1,0.999758
413190,1,0.999758
413210,1,0.999759
413430,1,0.999759
413450,1,0.999759
413710,1,0.99976
413930,1,0.99976
414340,1,0.99976
414730,1,0.99976
415040,2,0.999761
415190,1,0.999761
415270,1,0.999762
415330,1,0.999762
415360,1,0.999762
415440,1,0.999763
415470,1,0.999763
415530,1,0.999763
415640,1,0.999763
415650,1,0.999764
415710,1,0.999764
415760,1,0.999764
415800,1,0.999765
415840,1,0.999765
415910,1,0.999765
416180,1,0.999766
416220,1,0.999766
416260,1,0.999766
416270,1,0.999767
416310,1,0.999767
416430,1,0.999767
416490,1,0.999767
416580,1,0.999768
416670,1,0.999768
416700,1,0.999768
416710,1,0.999769
416740,1,0.999769
416780,1,0.999769
416850,1,0.99977
416880,1,0.99977
416910,1,0.99977
417180,1,0.99977
417200,1,0.999771
417300,1,0.999771
417310,1,0.999771
417540,1,0.999772
417870,1,0.999772
417900,1,0.999772
418010,1,0.999773
418220,1,0.999773
418640,1,0.999773
418700,1,0.999774
418910,1,0.999774
419000,1,0.999774
419110,1,0.999774
419270,1,0.999775
419310,1,0.999775
419390,1,0.999775
419400,1,0.999776
419510,1,0.999776
419520,1,0.999776
419530,1,0.999777
419550,1,0.999777
419580,1,0.999777
419880,1,0.999777
419950,2,0.999778
420030,1,0.999778
420040,1,0.999779
420080,1,0.999779
420110,1,0.999779
420220,1,0.99978
420250,1,0.99978
420280,1,0.99978
420350,2,0.999781
420410,1,0.999781
420420,1,0.999781
420480,1,0.999782
420500,1,0.999782
420530,1,0.999782
420540,1,0.999783
420550,1,0.999783
420670,1,0.999783
420700,1,0.999784
420990,1,0.999784
421020,1,0.999784
421100,1,0.999784
421360,1,0.999785
421550,1,0.999785
421680,1,0.999785
421880,1,0.999786
422020,1,0.999786
422100,1,0.999786
422140,1,0.999787
422370,1,0.999787
422380,1,0.999787
422390,1,0.999788
422470,1,0.999788
422510,1,0.999788
422530,1,0.999788
422610,2,0.999789
422880,1,0.999789
422900,1,0.99979
422910,1,0.99979
423000,1,0.99979
423020,1,0.999791
423060,1,0.999791
423080,1,0.999791
423240,1,0.999792
423260,1,0.999792
423290,1,0.999792
423370,1,0.999792
423410,1,0.999793
423440,1,0.999793
423470,1,0.999793
423480,1,0.999794
423490,1,0.999794
423540,1,0.999794
423610,1,0.999795
423660,1,0.999795
423680,1,0.999795
423710,1,0.999795
423720,1,0.999796
423880,1,0.999796
424160,1,0.999796
424220,1,0.999797
424280,1,0.999797
424300,2,0.999798
424320,1,0.999798
424350,1,0.999798
424440,1,0.999798
424490,1,0.999799
424530,2,0.999799
424580,1,0.9998
424640,1,0.9998
424780,1,0.9998
424810,1,0.999801
424950,1,0.999801
424970,1,0.999801
425010,1,0.999802
425050,1,0.999802
425120,1,0.999802
425450,1,0.999802
425640,1,0.999803
425680,1,0.999803
425690,1,0.999803
425860,1,0.999804
425990,1,0.999804
426000,1,0.999804
426090,1,0.999805
426130,1,0.999805
426180,1,0.999805
426190,1,0.999806
426210,1,0.999806
426310,1,0.999806
426370,1,0.999806
426380,1,0.999807
426390,1,0.999807
426400,1,0.999807
426410,1,0.999808
426660,1,0.999808
426770,1,0.999808
426920,1,0.999809
426940,1,0.999809
426950,1,0.999809
427000,1,0.999809
427030,1,0.99981
427070,1,0.99981
427230,1,0.99981
427260,1,0.999811
427400,1,0.999811
427450,1,0.999811
427460,1,0.999812
427500,1,0.999812
427510,1,0.999812
427540,1,0.999812
427600,1,0.999813
427610,1,0.999813
427660,1,0.999813
427680,1,0.999814
427690,1,0.999814
427730,1,0.999814
427790,1,0.999815
427800,1,0.999815
427840,1,0.999815
427850,1,0.999816
427870,1,0.999816
427890,1,0.999816
427910,1,0.999816
427980,1,0.999817
428010,1,0.999817
428030,2,0.999818
428050,1,0.999818
428100,2,0.999819
428170,1,0.999819
428190,1,0.999819
428230,1,0.99982
428250,2,0.99982
428320,2,0.999821
428340,1,0.999821
428350,2,0.999822
428390,2,0.999822
428430,1,0.999823
428480,1,0.999823
428490,1,0.999823
428560,1,0.999823
428590,1,0.999824
428600,1,0.999824
428660,2,0.999825
428750,1,0.999825
428810,1,0.999825
428830,1,0.999826
428850,1,0.999826
428870,1,0.999826
428880,1,0.999826
428890,2,0.999827
428900,1,0.999827
428930,1,0.999828
428940,1,0.999828
429050,1,0.999828
429070,1,0.999829
429100,1,0.999829
429110,1,0.999829
429170,1,0.99983
429210,1,0.99983
429250,1,0.99983
429260,1,0.99983
429400,1,0.999831
429420,1,0.999831
429450,1,0.999831
429460,1,0.999832
429520,1,0.999832
429710,1,0.999832
429860,1,0.999833
429950,1,0.999833
430270,1,0.999833
430290,1,0.999834
430310,1,0.999834
430320,1,0.999834
430360,1,0.999834
430420,1,0.999835
430470,1,0.999835
430530,1,0.999835
430540,1,0.999836
430610,1,0.999836
430620,1,0.999836
430630,1,0.999837
430700,1,0.999837
430730,3,0.999838
430740,1,0.999838
430770,1,0.999838
430860,1,0.999839
430930,1,0.999839
430950,1,0.999839
430990,1,0.99984
431100,1,0.99984
431140,1,0.99984
431150,1,0.99984
431220,1,0.999841
431230,1,0.999841
431270,1,0.999841
431310,1,0.999842
431340,1,0.999842
431360,1,0.999842
431440,1,0.999843
431470,1,0.999843
431500,1,0.999843
431570,1,0.999844
431690,1,0.999844
431710,1,0.999844
431740,1,0.999844
431750,1,0.999845
431780,1,0.999845
431800,2,0.999846
431810,1,0.999846
431850,1,0.999846
431910,1,0.999847
431940,1,0.999847
431950,2,0.999847
431980,1,0.999848
432010,1,0.999848
432020,1,0.999848
432070,1,0.999849
432140,1,0.999849
432170,1,0.999849
432190,1,0.99985
432210,1,0.99985
432240,2,0.999851
432260,1,0.999851
432280,2,0.999851
432290,2,0.999852
432300,1,0.999852
432330,1,0.999853
432340,1,0.999853
432370,1,0.999853
432380,1,0.999854
432400,1,0.999854
432410,1,0.999854
432420,1,0.999855
432430,1,0.999855
432440,1,0.999855
432460,1,0.999855
432490,1,0.999856
432500,1,0.999856
432510,1,0.999856
432530,1,0.999857
432590,1,0.999857
432630,2,0.999858
432640,1,0.999858
432660,1,0.999858
432680,1,0.999858
432710,1,0.999859
432740,2,0.999859
432750,1,0.99986
432770,1,0.99986
432840,2,0.999861
432880,1,0.999861
432940,1,0.999861
432990,1,0.999861
433010,1,0.999862
433030,1,0.999862
433040,2,0.999863
433050,1,0.999863
433090,1,0.999863
433100,1,0.999864
433130,1,0.999864
433160,1,0.999864
433170,1,0.999865
433180,1,0.999865
433220,1,0.999865
433250,1,0.999865
433290,1,0.999866
433300,1,0.999866
433310,1,0.999866
433330,1,0.999867
433360,1,0.999867
433370,2,0.999868
433380,2,0.999868
433400,1,0.999869
433420,1,0.999869
433440,1,0.999869
433450,1,0.999869
433460,2,0.99987
433510,1,0.99987
433520,1,0.999871
433570,2,0.999871
433580,1,0.999872
433620,1,0.999872
433630,1,0.999872
433640,2,0.999873
433650,1,0.999873
433720,1,0.999873
433730,1,0.999874
433740,1,0.999874
433790,1,0.999874
433810,2,0.999875
433820,2,0.999875
433900,2,0.999876
433910,1,0.999876
433930,1,0.999877
433970,1,0.999877
434000,2,0.999878
434040,1,0.999878
434050,1,0.999878
434060,2,0.999879
434080,1,0.999879
434110,1,0.999879
434150,1,0.99988
434160,1,0.99988
434170,1,0.99988
434180,1,0.999881
434190,1,0.999881
434210,1,0.999881
434270,1,0.999882
434350,1,0.999882
434410,1,0.999882
434450,1,0.999883
434490,1,0.999883
434500,2,0.999883
434530,1,0.999884
434550,1,0.999884
434640,1,0.999884
434670,1,0.999885
434680,1,0.999885
434740,1,0.999885
434750,1,0.999886
434770,1,0.999886
434790,1,0.999886
434800,1,0.999886
434890,1,0.999887
434910,1,0.999887
434940,2,0.999888
434950,1,0.999888
434980,2,0.999889
435030,1,0.999889
435040,1,0.999889
435090,2,0.99989
435130,1,0.99989
435150,1,0.99989
435210,3,0.999891
435320,1,0.999892
435400,1,0.999892
435530,1,0.999892
435550,1,0.999893
435630,1,0.999893
435710,1,0.999893
435720,3,0.999894
435820,1,0.999894
435830,1,0.999895
435850,1,0.999895
435890,3,0.999896
435980,1,0.999896
436090,3,0.999897
436100,1,0.999897
436110,1,0.999898
436170,1,0.999898
436250,1,0.999898
436280,2,0.999899
436290,1,0.999899
436320,1,0.9999
436330,2,0.9999
436450,1,0.9999
436510,1,0.999901
436550,1,0.999901
436610,2,0.999902
436690,2,0.999902
436710,1,0.999903
436970,1,0.999903
437050,1,0.999903
437120,1,0.999904
437140,2,0.999904
437210,1,0.999904
437230,1,0.999905
437300,1,0.999905
437310,1,0.999905
437370,1,0.999906
437380,1,0.999906
437420,1,0.999906
437520,1,0.999907
437540,1,0.999907
437610,2,0.999907
437730,1,0.999908
437790,1,0.999908
437810,1,0.999908
437830,1,0.999909
437860,1,0.999909
437880,1,0.999909
437990,1,0.99991
438010,1,0.99991
438030,1,0.99991
438040,1,0.999911
438100,1,0.999911
438140,1,0.999911
438180,1,0.999911
438190,1,0.999912
438240,1,0.999912
438360,1,0.999912
438390,1,0.999913
438400,1,0.999913
438470,1,0.999913
438530,1,0.999914
438540,1,0.999914
438550,1,0.999914
438560,2,0.999915
438660,2,0.999915
438670,1,0.999916
438690,1,0.999916
438770,3,0.999917
438800,1,0.999917
438820,2,0.999918
438890,1,0.999918
438920,1,0.999918
438940,1,0.999919
438960,1,0.999919
439000,1,0.999919
439020,1,0.99992
439160,2,0.99992
439170,1,0.999921
439180,1,0.999921
439190,1,0.999921
439260,1,0.999921
439290,1,0.999922
439330,1,0.999922
439370,1,0.999922
439380,1,0.999923
439400,1,0.999923
439420,1,0.999923
439440,1,0.999924
439530,1,0.999924
439590,1,0.999924
439610,1,0.999925
439630,1,0.999925
439640,1,0.999925
439680,1,0.999925
439690,1,0.999926
439710,1,0.999926
439730,1,0.999926
439780,1,0.999927
439790,1,0.999927
439820,1,0.999927
439830,1,0.999928
439860,2,0.999928
439880,1,0.999928
439890,1,0.999929
439900,1,0.999929
439920,1,0.999929
440150,1,0.99993
440190,1,0.99993
440230,1,0.99993
440250,1,0.999931
440300,1,0.999931
440310,1,0.999931
440320,1,0.999932
440350,2,0.999932
440400,1,0.999932
440410,1,0.999933
440450,1,0.999933
440480,1,0.999933
440540,1,0.999934
440560,1,0.999934
440590,1,0.999934
440630,1,0.999935
440650,2,0.999935
440690,1,0.999935
440710,1,0.999936
440800,1,0.999936
440950,1,0.999936
440960,2,0.999937
440980,1,0.999937
441030,2,0.999938
441060,1,0.999938
441070,1,0.999938
441140,1,0.999939
441150,3,0.99994
441170,1,0.99994
441180,1,0.99994
441250,1,0.999941
441260,2,0.999941
441290,1,0.999942
441360,1,0.999942
441380,1,0.999942
441400,1,0.999942
441410,1,0.999943
441500,2,0.999943
441510,1,0.999944
441560,1,0.999944
441570,1,0.999944
441590,1,0.999945
441620,1,0.999945
441690,2,0.999946
441700,2,0.999946
441710,1,0.999946
441750,1,0.999947
441760,1,0.999947
441820,1,0.999947
441860,1,0.999948
441870,1,0.999948
441880,1,0.999948
441890,1,0.999949
441960,1,0.999949
441980,2,0.999949
441990,2,0.99995
442000,1,0.99995
442030,1,0.999951
442060,1,0.999951
442130,1,0.999951
442150,1,0.999952
442180,1,0.999952
442200,1,0.999952
442230,1,0.999952
442240,1,0.999953
442310,1,0.999953
442360,1,0.999953
442390,1,0.999954
442400,2,0.999954
442410,1,0.999955
442420,2,0.999955
442450,1,0.999956
442470,2,0.999956
442480,2,0.999957
442550,1,0.999957
442580,1,0.999957
442610,1,0.999958
442670,1,0.999958
442700,1,0.999958
442720,1,0.999959
442810,1,0.999959
442830,1,0.999959
442860,1,0.99996
442910,1,0.99996
442920,2,0.99996
442960,1,0.999961
443030,1,0.999961
443060,2,0.999962
443150,1,0.999962
443160,1,0.999962
443190,1,0.999963
443230,1,0.999963
443270,3,0.999964
443310,1,0.999964
443330,1,0.999964
443430,2,0.999965
443470,1,0.999965
443500,1,0.999966
443510,1,0.999966
443540,2,0.999967
443590,1,0.999967
443610,1,0.999967
443620,2,0.999968
443630,1,0.999968
443660,1,0.999968
443670,1,0.999969
443720,1,0.999969
443730,1,0.999969
443740,1,0.99997
443760,1,0.99997
443810,1,0.99997
443830,2,0.999971
443840,1,0.999971
443900,1,0.999971
443930,1,0.999972
443960,1,0.999972
443970,1,0.999972
444120,1,0.999973
444190,1,0.999973
444200,2,0.999974
444360,2,0.999974
444400,1,0.999974
444410,1,0.999975
444460,1,0.999975
444500,1,0.999975
444510,1,0.999976
444540,1,0.999976
444610,1,0.999976
444620,1,0.999977
444630,1,0.999977
444700,1,0.999977
444720,1,0.999977
444740,1,0.999978
444750,1,0.999978
444790,1,0.999978
444820,1,0.999979
444840,1,0.999979
444860,1,0.999979
445070,1,0.99998
445190,2,0.99998
445340,1,0.999981
445360,2,0.999981
445480,1,0.999981
445530,1,0.999982
445550,1,0.999982
445570,1,0.999982
445580,1,0.999983
445650,1,0.999983
445660,1,0.999983
445840,1,0.999984
445930,1,0.999984
445950,1,0.999984
446020,1,0.999985
446550,1,0.999985
446630,1,0.999985
446730,1,0.999985
446820,1,0.999986
446880,1,0.999986
446980,1,0.999986
447070,1,0.999987
447240,1,0.999987
447370,1,0.999987
447460,1,0.999988
447490,1,0.999988
447990,1,0.999988
448000,1,0.999988
448200,1,0.999989
448230,1,0.999989
448310,1,0.999989
448350,1,0.99999
448430,1,0.99999
448460,1,0.99999
448550,1,0.999991
448830,1,0.999991
449190,1,0.999991
449410,1,0.999991
449990,1,0.999992
450300,1,0.999992
450540,1,0.999992
450690,1,0.999993
450790,1,0.999993
450830,1,0.999993
450870,1,0.999994
450950,1,0.999994
451210,1,0.999994
451310,1,0.999995
451380,1,0.999995
451460,1,0.999995
451650,1,0.999995
452970,1,0.999996
453130,1,0.999996
453660,1,0.999996
453700,1,0.999997
454070,1,0.999997
454480,1,0.999997
454870,1,0.999998
455220,1,0.999998
456370,1,0.999998
456440,1,0.999998
456600,1,0.999999
456860,1,0.999999
457130,1,0.999999
457720,1,1
459150,1,1
