#latency,cnt,%
0,1836,0.000557
10,442,0.000691
20,531,0.000852
30,651,0.001049
40,792,0.001289
50,1103,0.001624
60,1308,0.00202
70,1848,0.002581
80,2526,0.003346
90,4083,0.004584
100,902525,0.278227
110,319081,0.374972
120,1168659,0.729306
130,184953,0.785383
140,131595,0.825282
150,101035,0.855916
160,80148,0.880216
170,50800,0.895619
180,37468,0.906979
190,33425,0.917113
200,26875,0.925262
210,17588,0.930594
220,12997,0.934535
230,11197,0.93793
240,8932,0.940638
250,6735,0.94268
260,5501,0.944348
270,4912,0.945837
280,4265,0.94713
290,3660,0.94824
300,3119,0.949186
310,2954,0.950081
320,2778,0.950924
330,2592,0.95171
340,2417,0.952442
350,2335,0.95315
360,2295,0.953846
370,2183,0.954508
380,2137,0.955156
390,2007,0.955764
400,2072,0.956393
410,2033,0.957009
420,1970,0.957606
430,1952,0.958198
440,1906,0.958776
450,1952,0.959368
460,1908,0.959946
470,1941,0.960535
480,1883,0.961106
490,1951,0.961697
500,1908,0.962276
510,1985,0.962878
520,1934,0.963464
530,1932,0.96405
540,1904,0.964627
550,1883,0.965198
560,1899,0.965774
570,1833,0.96633
580,1775,0.966868
590,1664,0.967372
600,1565,0.967847
610,1416,0.968276
620,1396,0.968699
630,1191,0.969061
640,1131,0.969403
650,1060,0.969725
660,1063,0.970047
670,959,0.970338
680,931,0.97062
690,912,0.970897
700,807,0.971141
710,894,0.971412
720,823,0.971662
730,790,0.971902
740,807,0.972146
750,852,0.972405
760,812,0.972651
770,793,0.972891
780,778,0.973127
790,796,0.973368
800,768,0.973601
810,779,0.973837
820,830,0.974089
830,785,0.974327
840,789,0.974566
850,783,0.974804
860,767,0.975036
870,780,0.975273
880,754,0.975501
890,816,0.975749
900,765,0.975981
910,760,0.976211
920,783,0.976449
930,765,0.976681
940,795,0.976922
950,782,0.977159
960,767,0.977391
970,775,0.977626
980,783,0.977864
990,775,0.978099
1000,820,0.978347
1010,803,0.978591
1020,756,0.97882
1030,766,0.979052
1040,814,0.979299
1050,791,0.979539
1060,778,0.979775
1070,830,0.980026
1080,813,0.980273
1090,820,0.980521
1100,789,0.980761
1110,822,0.98101
1120,802,0.981253
1130,832,0.981505
1140,799,0.981748
1150,844,0.982003
1160,810,0.982249
1170,793,0.982489
1180,776,0.982725
1190,789,0.982964
1200,849,0.983221
1210,849,0.983479
1220,767,0.983711
1230,792,0.983951
1240,814,0.984198
1250,775,0.984433
1260,842,0.984689
1270,818,0.984937
1280,801,0.985179
1290,772,0.985413
1300,816,0.985661
1310,782,0.985898
1320,728,0.986119
1330,764,0.98635
1340,765,0.986582
1350,797,0.986824
1360,770,0.987057
1370,816,0.987305
1380,753,0.987533
1390,798,0.987775
1400,753,0.988003
1410,791,0.988243
1420,805,0.988487
1430,767,0.98872
1440,794,0.988961
1450,765,0.989193
1460,823,0.989442
1470,791,0.989682
1480,754,0.98991
1490,809,0.990156
1500,783,0.990393
1510,739,0.990617
1520,805,0.990861
1530,747,0.991088
1540,760,0.991318
1550,814,0.991565
1560,818,0.991813
1570,775,0.992048
1580,845,0.992304
1590,812,0.99255
1600,795,0.992791
1610,780,0.993028
1620,771,0.993262
1630,694,0.993472
1640,697,0.993684
1650,708,0.993898
1660,676,0.994103
1670,634,0.994295
1680,579,0.994471
1690,577,0.994646
1700,526,0.994805
1710,495,0.994955
1720,501,0.995107
1730,455,0.995245
1740,421,0.995373
1750,439,0.995506
1760,432,0.995637
1770,399,0.995758
1780,386,0.995875
1790,430,0.996005
1800,382,0.996121
1810,374,0.996235
1820,363,0.996345
1830,364,0.996455
1840,372,0.996568
1850,396,0.996688
1860,374,0.996801
1870,366,0.996912
1880,365,0.997023
1890,392,0.997142
1900,422,0.99727
1910,410,0.997394
1920,418,0.997521
1930,397,0.997641
1940,421,0.997769
1950,403,0.997891
1960,394,0.99801
1970,404,0.998133
1980,408,0.998257
1990,376,0.998371
2000,356,0.998479
2010,381,0.998594
2020,362,0.998704
2030,364,0.998814
2040,333,0.998915
2050,342,0.999019
2060,331,0.999119
2070,341,0.999223
2080,314,0.999318
2090,294,0.999407
2100,295,0.999496
2110,239,0.999569
2120,208,0.999632
2130,214,0.999697
2140,166,0.999747
2150,160,0.999796
2160,120,0.999832
2170,94,0.999861
2180,85,0.999886
2190,71,0.999908
2200,46,0.999922
2210,37,0.999933
2220,31,0.999942
2230,24,0.99995
2240,10,0.999953
2250,15,0.999957
2260,16,0.999962
2270,4,0.999963
2280,6,0.999965
2290,5,0.999967
2300,5,0.999968
2310,3,0.999969
2320,2,0.99997
2330,5,0.999971
2340,1,0.999972
2350,2,0.999972
2370,1,0.999972
2380,4,0.999974
2420,3,0.999975
2430,2,0.999975
2460,4,0.999976
2470,3,0.999977
2490,2,0.999978
2500,1,0.999978
2510,3,0.999979
2530,2,0.99998
2540,1,0.99998
2550,1,0.99998
2560,1,0.999981
2570,1,0.999981
2590,2,0.999982
2620,2,0.999982
2630,1,0.999982
2640,1,0.999983
2670,3,0.999984
2680,1,0.999984
2690,1,0.999984
2710,1,0.999985
2730,1,0.999985
2750,1,0.999985
2780,1,0.999985
2790,1,0.999986
2820,2,0.999986
2840,1,0.999987
2860,1,0.999987
2880,1,0.999987
2890,1,0.999988
3020,1,0.999988
3060,2,0.999988
3190,1,0.999989
4430,1,0.999989
4450,1,0.999989
4530,1,0.99999
4550,1,0.99999
4570,2,0.999991
4580,1,0.999991
4600,1,0.999991
4610,1,0.999992
4660,2,0.999992
4670,1,0.999992
4680,1,0.999993
4710,1,0.999993
4760,1,0.999993
4770,1,0.999994
5090,1,0.999994
5570,1,0.999994
5640,1,0.999995
5720,1,0.999995
5750,1,0.999995
5790,1,0.999995
5800,1,0.999996
5820,1,0.999996
5840,1,0.999996
6100,1,0.999997
6140,1,0.999997
6150,1,0.999997
6270,1,0.999998
6290,1,0.999998
6410,1,0.999998
6450,1,0.999999
7250,1,0.999999
7340,1,0.999999
7650,1,0.999999
7760,1,1

